496
194
313
955
381
859
686
727
927
109
612
180
58
436
858
191
235
685
408
895
341
52
249
152
17
263
927
217
664
630
24
785
168
84
170
563
218
465
281
403
500
717
755
540
906
192
906
35
128
620
9
741
577
975
513
277
658
375
982
123
403
568
39
533
192
321
445
52
902
412
561
283
778
639
964
372
811
349
638
473
572
684
89
411
825
908
397
488
905
271
312
287
149
36
401
333
96
270
999
798
439
451
327
898
831
647
734
136
732
619
304
391
964
285
395
622
923
680
440
927
95
969
227
505
416
40
186
864
702
82
149
111
772
264
157
859
910
224
971
532
721
403
115
644
624
807
505
510
97
227
305
891
48
654
385
882
765
644
221
409
613
107
633
876
969
780
90
173
956
287
374
270
265
242
869
603
40
202
438
234
933
914
173
442
351
319
780
316
713
613
741
856
165
911
400
1
327
154
611
54
444
111
804
614
958
366
321
486
316
889
600
76
420
293
326
479
437
597
135
17
788
145
251
892
331
51
740
412
397
791
785
525
53
80
276
271
785
393
415
285
150
681
76
548
617
754
868
123
5
858
