4021
3679
1955
415
1926
4520
5204
1490
71
7500
5584
9221
3082
3860
9331
8079
237
3589
5977
9059
1565
2837
6017
4285
5416
7987
7341
6884
9366
2223
6993
5912
2149
7383
2396
9062
1781
1272
3430
2233
9121
8687
3263
2588
6083
8917
7159
3517
2803
817
4573
7717
1312
333
1446
4734
5955
6232
1277
6701
7643
5754
6603
3081
9661
9112
1062
924
9156
9175
3907
6507
5994
4110
7066
8115
7983
1292
3500
4196
908
8502
1905
7263
5758
2014
1103
1931
2989
6564
6368
4667
3047
3344
4866
8775
7891
1389
1204
6346
9875
4610
9619
1519
3620
3845
5028
9459
1022
3819
7480
6908
7619
6591
970
5416
5579
8736
6710
7433
7927
149
555
7937
2160
5832
5858
346
1205
4092
1583
9286
1037
2492
3717
9562
8277
1276
7084
5337
7141
6056
426
2983
1486
2659
443
1997
4868
9914
8898
895
1233
4941
7623
5173
2944
4680
1128
1139
5564
5879
1011
6780
7779
9124
3988
4282
9260
8051
3687
4811
8157
9332
3785
1307
3038
1039
872
4987
5750
5492
9412
2859
6536
9291
7597
1423
6359
1198
9702
2138
4686
98
3853
3319
1847
5781
4348
7925
7053
1827
9054
466
4377
9632
4099
3122
7413
4316
2107
1412
4109
1624
6367
1234
354
2410
1654
5335
9249
4175
2269
7923
6381
7502
6101
3779
1424
8337
3990
4263
6080
7398
7498
3682
2422
9711
3438
1217
1163
3475
5747
8273
7110
9641
1889
534
2813
3802
7436
971
1363
2942
8764
2155
7634
5916
7970
2072
6670
6566
6741
6398
5372
294
4248
917
2166
4249
4166
990
8476
9419
616
8955
847
7290
1324
1109
7190
1620
2625
3419
4963
5944
4141
7802
4030
7629
852
1908
9685
9179
2395
142
277
8689
6590
7405
9742
9207
845
5893
1955
5263
6587
8090
7963
86
9754
7161
8431
687
3352
6968
8976
781
4224
3520
8892
2937
9317
4290
5984
5347
9713
3422
4303
1791
1864
4403
1476
3330
2870
3382
3956
4642
9849
3731
7687
4630
7083
238
1223
1744
181
4745
5432
1818
7940
5494
3811
8863
4822
8407
3786
8940
3037
2875
8764
3562
7071
7860
4752
9602
7328
823
7803
7699
9972
1319
8641
6348
884
7711
4621
2848
7205
7670
7914
7156
9592
3066
3299
2711
3241
376
8583
9440
5922
3383
1201
9924
1868
1000
3912
7380
2373
7357
7528
2805
5601
5287
6736
1493
6382
8252
7331
9288
3879
1964
8454
4264
2582
1451
1167
572
9486
7225
3320
9583
6002
5028
5347
4276
4265
6508
6025
1932
3007
8896
365
7165
994
989
7692
481
5608
2520
9637
2291
7458
7835
7495
7809
1003
6193
8218
8911
4332
7118
1358
7955
160
4009
8969
8250
5634
3028
4456
3611
8279
495
2373
5415
7725
5786
2474
947
6512
1232
3971
5745
9669
840
1737
1804
3945
5663
8119
9988
6976
7992
7009
3754
8196
9499
4794
2759
2626
7564
7916
3460
5832
3252
8514
9006
4432
2218
6401
3348
6799
3602
1429
9178
9337
6962
2728
3009
5066
9257
7293
4788
4322
5284
8911
7391
6462
5726
6846
3604
9157
7839
4528
7800
4405
5679
6630
6169
5444
7750
4525
9721
2358
8255
5257
4155
9828
7642
2997
102
1478
3085
532
2934
5286
415
9980
6923
2857
9660
1672
1533
5246
8019
6315
3497
9543
6453
9132
4283
5900
7189
2527
9838
3187
9825
9326
6872
8956
8531
44
6136
7415
2336
728
9063
3704
867
887
703
1292
3831
5935
5116
7376
7407
9656
8860
3936
8834
6291
645
1423
1281
2840
489
5197
444
8275
7598
8650
8180
7957
8637
23
4204
1354
8670
4735
4950
511
3250
4331
6045
8543
5552
9765
2116
314
4921
1822
1181
6007
4883
843
7783
6864
7609
4673
9623
8152
3336
46
2473
4313
7132
4600
8823
9078
7247
2021
6824
9249
5130
7170
877
7961
4963
6253
8586
7063
8154
7951
223
979
1075
8707
7107
3853
9029
8692
4072
4254
5681
8917
7763
4197
2323
4962
6182
6839
4369
4268
6750
9781
8293
4898
7170
8367
5167
1370
36
5251
6962
8340
5193
721
4148
2717
8905
8903
4800
2050
2891
385
1489
8433
5101
7819
2418
5474
2533
1662
3584
7474
6695
1128
4087
3130
8021
8967
4356
5739
4856
5796
7841
461
9991
2499
6800
5838
6192
2215
163
8930
2901
8184
1427
202
4246
7383
6312
6941
9819
8740
8981
9046
3751
332
1291
4943
4911
7960
1334
7418
2983
5549
1123
5958
7637
6456
6392
7505
1410
8810
6458
7454
5450
6277
8976
876
45
4512
1399
588
7242
1467
9213
7005
2731
2839
5843
7180
3277
563
660
5651
3228
2715
6799
5102
2395
7701
9475
6559
9403
2293
1212
6911
2307
2573
8092
100
8246
128
6354
5543
6870
5202
1124
1306
2884
7261
4214
5705
3099
8857
7691
1075
9879
9024
873
5704
114
8556
1467
5713
2914
7566
3808
4869
1782
9130
8899
9939
6072
1840
8371
1641
7322
189
9693
5780
2112
935
9562
3230
4863
8829
7722
9919
9845
2584
167
9546
9258
5134
7570
640
4016
4595
2738
5162
7613
689
3056
135
2178
5451
4061
2053
4105
7744
4841
5732
6657
7295
5016
8992
9622
4463
422
5749
6729
988
6090
2196
8171
8311
2676
9000
1266
3547
9998
6269
2825
543
3493
6922
8300
786
3717
6556
5646
896
3790
418
6680
8099
5652
6143
7688
2348
3387
3098
4090
1554
4388
4319
9890
3455
5081
5531
7198
2585
6191
9345
1420
6277
1983
2623
1268
8603
7301
181
5375
2945
5711
3039
6177
6302
714
4824
6982
3801
7552
9937
1025
5935
5894
2885
5413
5311
2623
3252
7428
7643
9797
76
9235
5200
1128
9638
7880
5978
6954
9048
7769
1753
7017
6584
378
4304
1363
5017
4854
8894
4838
6043
9397
1227
9062
1199
9289
9881
7362
1251
7171
8192
2717
7146
8895
5549
5172
9636
8900
4929
1297
868
6705
8974
3708
3940
5216
1884
885
3717
8077
8455
8694
546
8885
8564
1476
9009
4097
9897
6147
2581
4550
5058
4305
1716
5132
1763
4422
9775
6934
353
8829
370
64
3226
9922
3355
1993
4722
7454
3731
46
1580
3764
9900
8471
2714
9110
400
8015
8155
3549
7737
577
2205
9132
3785
4754
9466
5108
9699
349
9016
7073
6656
642
7603
7591
3082
2245
785
1207
3730
3679
1026
8428
1541
1880
8927
5700
1442
5398
6604
5588
8987
4498
5592
7016
4708
8831
6323
4760
645
6955
9969
1425
3666
5927
8287
6303
6357
9290
1638
7380
9056
7427
8105
6809
6810
8147
59
8425
1958
8408
855
6762
9165
5104
3560
3319
3760
4210
9503
9968
9978
7105
2224
2987
8394
7928
6464
3029
7089
5775
1676
4392
1923
2940
1198
4983
2439
5419
7114
2266
9545
9400
2472
8096
3761
4774
5152
1124
5257
5353
9660
6968
5521
594
7078
3475
4174
1365
4333
9734
1729
1383
2059
8652
8245
9195
5341
8694
6730
9373
2683
5221
2491
6588
6967
775
4351
4043
7840
3232
5730
3567
1957
564
4853
6947
1428
339
9915
2459
9299
7239
9380
8184
6832
1653
299
1147
2298
3689
4534
8503
4099
283
4214
272
5227
819
1618
8967
2255
5834
8737
9957
3247
9501
1544
6744
1013
8753
5155
9205
4622
5078
9367
7281
7549
1469
5579
7813
789
6324
4496
2279
1623
2302
2350
631
1156
